-10 0.17 12.6133314611777 8.73353519341096e-7 0.0000110158974222353
0 0.17 12.0757076937991 9.48238053218416e-7 0.0000114506455548027
10 0.17 11.5892918961686 0.00000102475871610881 0.0000118762278841279
20 0.17 11.1456681558018 0.00000110297911775025 0.0000122934392292233
30 0.17 10.7385163865718 0.00000118293037802639 0.00001270291724861
40 0.17 10.362906734282 0.00000126462499925457 0.0000131051909211166
50 0.17 10.0148849967869 0.0000013480645459357 0.0000135007113957918
60 0.17 9.69121213198818 0.00000143324406465746 0.0000138898722675084
70 0.17 9.38919118560568 0.00000152015471167194 0.0000142730232195871
80 0.17 9.10654695175 0.00000160878535561365 0.0000146504793761835
90 0.17 8.84133918193537 0.00000169912357309364 0.0000150225278217428
97 0.17 8.66516495831766 0.00000176336933548956 0.0000152798861744561
104 0.17 8.49620544684218 0.00000182844081730938 0.0000155348088312525
111 0.17 8.33400063407542 0.00000189433341570182 0.0000157873758876092
118 0.17 8.17813133017058 0.00000196104253765642 0.0000160376634170052
125 0.17 8.02821444531259 0.0000020285636208238 0.0000162857437639332