-10 0.3 23.2943985228707 4.69209652947472e-7 0.0000109299566465363
0 0.3 22.1444813444728 5.14243283862687e-7 0.0000113876508060177
10 0.3 21.1380891395264 5.59761608683692e-7 0.0000118322907812406
20 0.3 20.2421653168932 6.05941317989355e-7 0.0000122655643310767
30 0.3 19.4349060259491 6.52883768306401e-7 0.0000126887346829024
40 0.3 18.700928842581 7.0064916648137e-7 0.0000131027902059818
50 0.3 18.028825615621 7.49274017080491e-7 0.00001350853059226
60 0.3 17.4098129537736 7.98780565597822e-7 0.0000139066202381676
70 0.3 16.836932921458 8.49182161229904e-7 0.0000142976230867266
80 0.3 16.3045502758745 9.00486429518778e-7 0.0000146820262628316
90 0.3 15.8080199326479 9.52697216736781e-7 0.0000150602565919532
97 0.3 15.4796754314829 9.8978491705558e-7 0.0000153215492629976
104 0.3 15.165830426381 0.00000102731738984021 0.000015580121328389
111 0.3 14.86545405381 0.00000106529421912517 0.0000158360822681946
118 0.3 14.5776200877233 0.00000110371473545513 0.0000160895340986869
125 0.3 14.3014928976319 0.00000114257806930259 0.000016340572143121