20 0.599999999999937 43.8096875001177 2.79837358293706e-7 0.0000122595872177057
30 0.599999999999994 41.5765585668406 3.05682786928063e-7 0.0000127092382935897
40 0.599999999999999 39.6456458536526 3.31583520101616e-7 0.0000131458428088562
50 0.6 37.9434761170097 3.5766314927074e-7 0.0000135709831622888
60 0.6 36.4218433776786 3.83997846429019e-7 0.0000139859094200036
70 0.6 35.0471019435272 4.10637009187503e-7 0.0000143916371227795
80 0.6 33.7946456485331 4.37613974860519e-7 0.0000147890092112573
90 0.6 32.645818989021 4.64951958987718e-7 0.0000151787374917038
97 0.6 31.8953807531436 4.84312422230805e-7 0.0000154473291105288
104 0.6 31.1844340155656 5.0386228876821e-7 0.0000157126602970241
111 0.6 30.5094459155013 5.23605016698491e-7 0.0000159748989380478
118 0.6 29.8673450820995 5.43543401678466e-7 0.000016234198345029
125 0.6 29.2554420750523 5.63679708427898e-7 0.0000164906990587948