30 0.8 58.5515111198868 2.18257483183346e-7 0.0000127793054536082
40 0.799999999999802 55.3297955495804 2.38994146437774e-7 0.0000132234972599485
50 0.799999999999977 52.5972167267124 2.59627112466754e-7 0.0000136556635025444
60 0.799999999999997 50.2223115718796 2.8029328795212e-7 0.000014076976839038
70 0.799999999999999 48.1223054936568 3.01076001253042e-7 0.0000144884713091075
80 0.8 46.2412854350394 3.22029167676633e-7 0.0000148910426609433
90 0.8 44.5394506191361 3.43189354328904e-7 0.0000152854653001454
97 0.8 43.4386831944873 3.58138758091239e-7 0.0000155570760523925
104 0.8 42.4031284380658 3.73209013526742e-7 0.0000158252297348183
111 0.8 41.4260687314805 3.88405502329008e-7 0.0000160901130351667
118 0.8 40.5017970968411 4.03732619184918e-7 0.0000163518966236038
125 0.8 39.6254185041619 4.19193981831225e-7 0.0000166107369644883