30 1 78.2651835059911 1.65066584587238e-7 0.0000129189665334274
40 1 72.9582969818027 1.83070839294905e-7 0.0000133565366619855
50 1 68.7119240615875 2.00637362938957e-7 0.0000137861792461788
60 0.999999999999776 65.1626239369575 2.18022777986166e-7 0.0000142069362916033
70 0.999999999999969 62.1109223586904 2.3536733691335e-7 0.0000146188823887968
80 0.999999999999995 59.4346554472519 2.52755479522058e-7 0.0000150224348377985
90 0.999999999999999 57.0530635159837 2.70241651892601e-7 0.0000154181141300929
97 1 55.5303604273226 2.82560580402783e-7 0.00001569069087232
104 1 54.1093917281179 2.94955216068332e-7 0.000015959847328493
111 1 52.7781679095588 3.07433013721976e-7 0.0000162257512191602
118 1 51.5267513757791 3.2000000644048e-7 0.0000164885607721063
125 0.999999999999999 50.3468028025797 3.32661133619832e-7 0.0000167484244944403