-10 0.170000000000001 6.98901123030987 0.00000158086739028232 0.0000110486999443138
0 0.17 6.69899459096302 0.00000171686625774863 0.000011501277774065
10 0.17 6.43519711859759 0.00000185689606931484 0.00001194949223479
20 0.17 6.19372092238734 0.00000200098971560647 0.0000123935718670337
30 0.17 5.97149006257832 0.00000214915440875933 0.0000128336541948527
40 0.17 5.76602885148051 0.00000230137912185296 0.000013269818414799
50 0.17 5.57531182323616 0.00000245763965038861 0.0000137021074000656
60 0.17 5.39765855285894 0.00000261790228274759 0.0000141305426470214
70 0.17 5.23165793225895 0.00000278212655205008 0.000014555134444581
80 0.17 5.07611244722477 0.00000295026733668044 0.0000149758887503642
90 0.17 4.92999638839088 0.00000312227647912114 0.000015392811765625
97 0.17 4.8328464739779 0.00000324495784981777 0.0000156823831026987
104 0.17 4.73961124123259 0.00000336949285973194 0.0000159700862352384
111 0.17 4.65004558897516 0.00000349586404620037 0.0000162559271876909
118 0.17 4.56392578996897 0.00000362405399329147 0.0000165399134842229
125 0.17 4.48104705994461 0.00000375404542074712 0.0000168220541955374