-10 0.299999999999999 12.7576248470983 8.60355886023333e-7 0.0000109760976288785
0 0.3 12.1685528353699 9.40470035197718e-7 0.0000114441593133856
10 0.300000000000002 11.6437957885854 0.00000102245897742852 0.0000119053035353836
20 0.299999999999999 11.1712593718857 0.0000011064385429133 0.0000123603119419357
30 0.300000000000001 10.7421083437006 0.00000119247780134401 0.0000128097257394953
40 0.3 10.3496387369855 0.0000012806173787488 0.0000132539272303555
50 0.3 9.98862263638912 0.00000137087889002381 0.0000136931919126398
60 0.300000000000001 9.65489426237653 0.00000146327061308533 0.0000141277230465817
70 0.299999999999999 9.34507433259177 0.0000015577912592481 0.0000145576751123352
80 0.3 9.05637961566136 0.00000165443263073953 0.0000149831699525145
90 0.299999999999999 8.78648755804955 0.00000175318156014419 0.0000154043079652088
97 0.3 8.60768867086746 0.00000182355097664172 0.0000156965590823882
104 0.3 8.43655096048449 0.00000189493849448445 0.0000159867451757018
111 0.3 8.27254831794328 0.00000196733720573399 0.000016274892092122
118 0.3 8.11520614038957 0.00000204073988700034 0.0000165610248619231
125 0.3 7.964094693513 0.00000211513909816238 0.0000168451680677169