10 0.600000000000003 24.8788884455354 4.74998905695951e-7 0.000011817444786561
20 0.600000000000003 23.6380482618497 5.20258563428192e-7 0.0000122978970309562
30 0.6 22.5564324318851 5.66072766415169e-7 0.000012768582107174
40 0.599999999999996 21.5981656764597 6.12589584283995e-7 0.0000132308113330393
50 0.6 20.7387706389005 6.59900436839423e-7 0.000013685523804123
60 0.600000000000002 19.9606219303511 7.08064861311475e-7 0.0000141334149988048
70 0.600000000000002 19.2505394580508 7.57122400176844e-7 0.0000145750146391785
80 0.599999999999998 18.5983793714071 8.07099184057085e-7 0.0000150107368154468
90 0.6 17.9961515869029 8.58011972742805e-7 0.0000154409135248571
97 0.600000000000002 17.6008153946379 8.94213440450784e-7 0.0000157388856887783
104 0.6 17.2249338959931 9.30880539699587e-7 0.0000160343557613917
111 0.599999999999999 16.8668954900077 9.68014303354636e-7 0.0000163273960875153
118 0.6 16.5252826644448 0.00000100561501489869 0.0000166180723728107
125 0.600000000000001 16.1988413887424 0.00000104368235543099 0.0000169064449358557