20 0.799999999999851 32.9265424531019 3.72669213836522e-7 0.0000122707086903524
30 0.799999999999994 31.2015358435127 4.08785994226841e-7 0.0000127547508511947
40 0.799999999999993 29.7174631386436 4.4512840542242e-7 0.000013228086980104
50 0.800000000000011 28.4153308594478 4.81859104489776e-7 0.0000136921858817142
60 0.799999999999998 27.2562378398565 5.19077853713963e-7 0.00001414810943823
70 0.800000000000003 26.2129027280077 5.56849950832589e-7 0.0000145966535952705
80 0.800000000000006 25.2653509909859 5.95219620076696e-7 0.000015038432617959
90 0.799999999999998 24.3984740033534 6.34217244219568e-7 0.0000154739329455695
97 0.799999999999996 23.8332759713926 6.61900678419448e-7 0.0000157752615344227
104 0.799999999999999 23.2985271149587 6.89907267980195e-7 0.0000160738231898436
111 0.799999999999999 22.7914080187687 7.1824083253824e-7 0.0000163697198701191
118 0.800000000000001 22.3094791897144 7.46904166606897e-7 0.0000166630429616276
125 0.799999999999998 21.8506145387701 7.75899238131846e-7 0.0000169538751733444