30 1 40.6489701971389 3.13790947033103e-7 0.0000127552788540806
40 0.999999999999924 38.4539938058036 3.44259730438867e-7 0.0000132381615418838
50 0.99999999999998 36.5817032710068 3.74786252246833e-7 0.0000137103194697463
60 1.00000000000002 34.9494121077459 4.05532876204314e-7 0.0000141731356137041
70 0.999999999999992 33.5035704683255 4.36599348220085e-7 0.0000146276370295166
80 1.00000000000001 32.2071838566529 4.68051199844205e-7 0.0000150746110477093
90 0.999999999999988 31.0335006909464 4.99933203162871e-7 0.000015514677405782
97 1 30.2740055703459 5.22523688550484e-7 0.0000158188850578151
104 0.999999999999994 29.559269534684 5.4534835632632e-7 0.0000161200990549466
111 1.00000000000001 28.8846935961895 5.68413400568702e-7 0.0000164184469113951
118 1.00000000000001 28.2463643534266 5.91723663093714e-7 0.0000167140421842893
125 1 27.6409222099732 6.15282905254415e-7 0.0000170069869212636