-10 2.00000000002657 1314.71512156815 1.86563613971896e-7 0.000245278004423254
0 1.99999999999401 1281.51590306382 1.71545251450921e-7 0.000219837967829436
10 1.99999999999111 1246.68692948516 1.58155785169582e-7 0.000197170750193381
20 1.99999999996414 1209.90689797295 1.46017361014029e-7 0.00017666741231468
30 2.0000000000104 1170.73576065577 1.34803289083634e-7 0.000157819031184229
40 2.0000000000221 1128.53256505092 1.24194319346876e-7 0.000140157333777282
50 2.00000000000431 1082.30195201224 1.13802836752999e-7 0.000123169032362301
60 1.99999999999998 82.4679124874097 1.76336886981955e-7 0.0000145421349639301
70 2.00000000000002 76.8718030064413 1.94949111537103e-7 0.0000149860896983609
80 2.00000000000004 72.3874811885983 2.13154112857111e-7 0.0000154296893347165
90 1.99999999999998 68.645252838952 2.31188552983741e-7 0.0000158699966730404
97 1.99999999999945 66.3519687667876 2.43784453095461e-7 0.0000161755784176184
104 1.99999999999983 64.2716914322891 2.56392318722973e-7 0.000016478767994572
111 1.99999999999995 62.3693263855393 2.69034180014254e-7 0.000016779480582175
118 2 60.6178969573846 2.81726830893582e-7 0.0000170776880052377
125 1.99999999999999 58.9961982246914 2.94483325552412e-7 0.0000173733966481564