-10 2.9999999999849 1314.71512156815 1.88487171387398e-7 0.00024780693444462
0 2.99999999998971 1281.51590306382 1.7351696071854e-7 0.000222364744612108
10 2.99999999998322 1246.68692948516 1.60214824351047e-7 0.000199737727428212
20 3.00000000000851 1209.90689797295 1.48213404150752e-7 0.000179324420054048
30 3.00000000000072 1170.73576065577 1.37205840964934e-7 0.000160631784588497
40 2.99999999999102 1128.53256505092 1.26912009756179e-7 0.000143224335905908
50 3.0000000000157 1082.30195201224 1.17031454741259e-7 0.000126663371913297
60 3.00000000001033 1030.38417999448 1.07135936984635e-7 0.000110391174577854
70 3.00000000001389 969.737750718657 9.62672364386784e-8 0.0000933539733319451
80 3.00000000000007 129.154856485612 1.26572659377273e-7 0.0000163474736568739
90 3.00000000000018 118.104423685624 1.41010298361509e-7 0.0000166539400217239
97 2.99999999999991 112.139211250892 1.50693387034366e-7 0.0000168986375627593
104 2.99999999999994 107.104995262779 1.60182568731736e-7 0.0000171563532651923
111 2.99999999999997 102.7525965913 1.69552245369465e-7 0.0000174219334695978
118 2.99999999999993 98.922175717871 1.78850740282754e-7 0.000017692304357522
125 3.00000000000006 95.504711540703 1.8811136381675e-7 0.0000179655215388469